out\1\3814-15_0.png 160 25 170 40
out\1\3814-15_1.png 51 20 62 33
out\1\3814-15_2.png 105 16 118 33
out\1\3814-15_3.png 132 21 143 37
out\1\3814-15_4.png 23 26 33 40
out\1\3814-15_5.png 209 29 216 40
out\1\3814-30_0.png 152 41 179 77
out\1\3814-30_1.png 46 51 68 79
out\1\3814-30_2.png 101 38 124 67
out\1\3814-30_3.png 460 68 477 91
out\1\3814-30_4.png 210 31 237 67
out\1\3814-30_5.png 263 40 289 77
out\1\3814-30_6.png 415 56 434 83
out\1\3814-30_7.png 365 53 384 79
out\1\3814-30_8.png 320 50 341 80
